  0.000000000000000E+000
  2.500000000000000E-003
  5.000000000000000E-003
  7.500000000000000E-003
  1.000000000000000E-002
  1.250000000000000E-002
  1.500000000000000E-002
  1.750000000000000E-002
  2.000000000000000E-002
  2.250000000000000E-002
  2.500000000000000E-002
  2.750000000000000E-002
  3.000000000000000E-002
  3.250000000000000E-002
  3.500000000000000E-002
  3.750000000000000E-002
  4.000000000000000E-002
  4.250000000000000E-002
  4.500000000000000E-002
  4.750000000000000E-002
  5.000000000000000E-002
