  -6.28318530717959     
  -5.89048622548086     
  -5.49778714378214     
  -5.10508806208341     
  -4.71238898038469     
  -4.31968989868597     
  -3.92699081698724     
  -3.53429173528852     
  -3.14159265358979     
  -2.74889357189107     
  -2.35619449019234     
  -1.96349540849362     
  -1.57079632679490     
  -1.17809724509617     
 -0.785398163397448     
 -0.392699081698724     
  0.000000000000000E+000
  0.392699081698724     
  0.785398163397448     
   1.17809724509617     
   1.57079632679490     
   1.96349540849362     
   2.35619449019234     
   2.74889357189107     
   3.14159265358979     
   3.53429173528852     
   3.92699081698724     
   4.31968989868597     
   4.71238898038469     
   5.10508806208341     
   5.49778714378214     
   5.89048622548086     
