   38.1031909381694     
   38.1013177470233     
   38.0957039781897     
   38.0863670232204     
   38.0733357938889     
   38.0566506112007     
   38.0363630504678     
   38.0125357429079     
   37.9852421343691     
   37.9545662019070     
   37.9206021290951     
   37.8834539410749     
   37.8432351005094     
   37.8000680657432     
   37.7540838126252     
   37.7054213215962     
   37.6542270318042     
   37.6006542641613     
   37.5448626154048     
   37.4870173253914     
   37.4272886200009     
   37.3658510321734     
   37.3028827037563     
   37.2385646709831     
   37.1730801365341     
   37.1066137312648     
   37.0393507688007     
   36.9714764963192     
   36.9031753449053     
   36.8346301829953     
   36.7660215764336     
