  0.000000000000000E+000
  1.628505422357736E-002
  6.510139766995340E-002
  0.146332675499079     
  0.259785305505971     
  0.405188991044445     
  0.582197437381149     
  0.790389269742654     
   1.02926915082901     
   1.29826909506476     
   1.59674997638322     
   1.92400322583853     
   2.27925271486822     
   2.66165681954424     
   3.07031066067914     
   3.50424851417915     
   3.96244638558203     
   4.44382474225784     
   4.94725139629623     
   5.47154453067747     
   6.01547586089092     
   6.57777392373904     
   7.15712748467153     
   7.75218905459822     
   8.36157850674996     
   8.98388678380238     
   9.61767968512663     
   10.2615017237277     
   10.9138800420962     
   11.5733283759701     
   12.2383510546963     
