   9.20653173965221     
   9.20361085099993     
   9.19485237280330     
   9.18026886935908     
   9.15988128443820     
   9.13371894583382     
   9.10181957099882     
   9.06422927305467     
   9.02100256626372     
   8.97220236987910     
   8.91790000912211     
   8.85817521188917     
   8.79311609966019     
   8.72281917096997     
   8.64738927571556     
   8.56693957850643     
   8.48159150922217     
   8.39147469892497     
   8.29672689928210     
   8.19749388368712     
   8.09392932832745     
   7.98619467153052     
   7.87445894982976     
   7.75889860932467     
   7.63969729106511     
   7.51704558936683     
   7.39114078216241     
   7.26218653270594     
   7.13039256218040     
   6.99597429300003     
   6.85915246285456     
