   28.8966591985172     
   28.8814218417998     
   28.8357502077164     
   28.7597654783623     
   28.6536692039447     
   28.5177426743224     
   28.3523460420878     
   28.1579172001106     
   27.9349704172764     
   27.6840947369632     
   27.4059521435898     
   27.1012755033472     
   26.7708662859810     
   26.4155920752290     
   26.0363838762305     
   25.6342332289107     
   25.2101891370000     
   24.7653548229785     
   24.3008843198265     
   23.8179789110268     
   23.3178834307826     
   22.8018824369038     
   22.2712962692550     
   21.7274770070602     
   21.1718043387190     
   20.6056813580956     
   20.0305303015117     
   19.4477882398855     
   18.8589027406287     
   18.2653275140251     
   17.6685180588828     
