  0.000000000000000E+000
  1.000000000000000E-002
  2.000000000000000E-002
  3.000000000000000E-002
  4.000000000000000E-002
  5.000000000000000E-002
  6.000000000000000E-002
  7.000000000000001E-002
  8.000000000000000E-002
  9.000000000000000E-002
  0.100000000000000     
  0.110000000000000     
  0.120000000000000     
  0.130000000000000     
  0.140000000000000     
  0.150000000000000     
  0.160000000000000     
  0.170000000000000     
  0.180000000000000     
  0.190000000000000     
  0.200000000000000     
  0.210000000000000     
  0.220000000000000     
  0.230000000000000     
  0.240000000000000     
  0.250000000000000     
  0.260000000000000     
  0.270000000000000     
  0.280000000000000     
  0.290000000000000     
  0.300000000000000     
