  -9.42477796076938     
  -9.13025364949534     
  -8.83572933822129     
  -8.54120502694725     
  -8.24668071567321     
  -7.95215640439916     
  -7.65763209312512     
  -7.36310778185108     
  -7.06858347057703     
  -6.77405915930299     
  -6.47953484802895     
  -6.18501053675491     
  -5.89048622548086     
  -5.59596191420682     
  -5.30143760293278     
  -5.00691329165873     
  -4.71238898038469     
  -4.41786466911065     
  -4.12334035783660     
  -3.82881604656256     
  -3.53429173528852     
  -3.23976742401447     
  -2.94524311274043     
  -2.65071880146639     
  -2.35619449019234     
  -2.06167017891830     
  -1.76714586764426     
  -1.47262155637022     
  -1.17809724509617     
 -0.883572933822129     
 -0.589048622548086     
 -0.294524311274043     
  0.000000000000000E+000
  0.294524311274043     
  0.589048622548086     
  0.883572933822129     
   1.17809724509617     
   1.47262155637022     
   1.76714586764426     
   2.06167017891830     
   2.35619449019234     
   2.65071880146639     
   2.94524311274043     
   3.23976742401447     
   3.53429173528852     
   3.82881604656256     
   4.12334035783660     
   4.41786466911065     
   4.71238898038469     
   5.00691329165873     
   5.30143760293278     
   5.59596191420682     
   5.89048622548086     
   6.18501053675491     
   6.47953484802895     
   6.77405915930299     
   7.06858347057703     
   7.36310778185108     
   7.65763209312512     
   7.95215640439916     
   8.24668071567321     
   8.54120502694725     
   8.83572933822129     
   9.13025364949534     
