  -3.14159265358979     
  -3.11704896098362     
  -3.09250526837745     
  -3.06796157577128     
  -3.04341788316511     
  -3.01887419055894     
  -2.99433049795277     
  -2.96978680534660     
  -2.94524311274043     
  -2.92069942013426     
  -2.89615572752809     
  -2.87161203492192     
  -2.84706834231575     
  -2.82252464970958     
  -2.79798095710341     
  -2.77343726449724     
  -2.74889357189107     
  -2.72434987928490     
  -2.69980618667873     
  -2.67526249407256     
  -2.65071880146639     
  -2.62617510886022     
  -2.60163141625405     
  -2.57708772364788     
  -2.55254403104171     
  -2.52800033843554     
  -2.50345664582937     
  -2.47891295322320     
  -2.45436926061703     
  -2.42982556801086     
  -2.40528187540469     
  -2.38073818279852     
  -2.35619449019234     
  -2.33165079758617     
  -2.30710710498000     
  -2.28256341237383     
  -2.25801971976766     
  -2.23347602716149     
  -2.20893233455532     
  -2.18438864194915     
  -2.15984494934298     
  -2.13530125673681     
  -2.11075756413064     
  -2.08621387152447     
  -2.06167017891830     
  -2.03712648631213     
  -2.01258279370596     
  -1.98803910109979     
  -1.96349540849362     
  -1.93895171588745     
  -1.91440802328128     
  -1.88986433067511     
  -1.86532063806894     
  -1.84077694546277     
  -1.81623325285660     
  -1.79168956025043     
  -1.76714586764426     
  -1.74260217503809     
  -1.71805848243192     
  -1.69351478982575     
  -1.66897109721958     
  -1.64442740461341     
  -1.61988371200724     
  -1.59534001940107     
  -1.57079632679490     
  -1.54625263418873     
  -1.52170894158256     
  -1.49716524897639     
  -1.47262155637022     
  -1.44807786376405     
  -1.42353417115788     
  -1.39899047855170     
  -1.37444678594553     
  -1.34990309333936     
  -1.32535940073319     
  -1.30081570812702     
  -1.27627201552085     
  -1.25172832291468     
  -1.22718463030851     
  -1.20264093770234     
  -1.17809724509617     
  -1.15355355249000     
  -1.12900985988383     
  -1.10446616727766     
  -1.07992247467149     
  -1.05537878206532     
  -1.03083508945915     
  -1.00629139685298     
 -0.981747704246810     
 -0.957204011640640     
 -0.932660319034470     
 -0.908116626428300     
 -0.883572933822129     
 -0.859029241215959     
 -0.834485548609789     
 -0.809941856003619     
 -0.785398163397448     
 -0.760854470791278     
 -0.736310778185108     
 -0.711767085578938     
 -0.687223392972767     
 -0.662679700366597     
 -0.638136007760427     
 -0.613592315154256     
 -0.589048622548086     
 -0.564504929941916     
 -0.539961237335746     
 -0.515417544729575     
 -0.490873852123405     
 -0.466330159517235     
 -0.441786466911065     
 -0.417242774304894     
 -0.392699081698724     
 -0.368155389092554     
 -0.343611696486384     
 -0.319068003880213     
 -0.294524311274043     
 -0.269980618667873     
 -0.245436926061703     
 -0.220893233455532     
 -0.196349540849362     
 -0.171805848243192     
 -0.147262155637022     
 -0.122718463030851     
 -9.817477042468103E-002
 -7.363107781851078E-002
 -4.908738521234052E-002
 -2.454369260617026E-002
  0.000000000000000E+000
  2.454369260617026E-002
  4.908738521234052E-002
  7.363107781851078E-002
  9.817477042468103E-002
  0.122718463030851     
  0.147262155637022     
  0.171805848243192     
  0.196349540849362     
  0.220893233455532     
  0.245436926061703     
  0.269980618667873     
  0.294524311274043     
  0.319068003880213     
  0.343611696486384     
  0.368155389092554     
  0.392699081698724     
  0.417242774304894     
  0.441786466911065     
  0.466330159517235     
  0.490873852123405     
  0.515417544729575     
  0.539961237335746     
  0.564504929941916     
  0.589048622548086     
  0.613592315154256     
  0.638136007760427     
  0.662679700366597     
  0.687223392972767     
  0.711767085578938     
  0.736310778185108     
  0.760854470791278     
  0.785398163397448     
  0.809941856003619     
  0.834485548609789     
  0.859029241215959     
  0.883572933822129     
  0.908116626428300     
  0.932660319034470     
  0.957204011640640     
  0.981747704246810     
   1.00629139685298     
   1.03083508945915     
   1.05537878206532     
   1.07992247467149     
   1.10446616727766     
   1.12900985988383     
   1.15355355249000     
   1.17809724509617     
   1.20264093770234     
   1.22718463030851     
   1.25172832291468     
   1.27627201552085     
   1.30081570812702     
   1.32535940073319     
   1.34990309333936     
   1.37444678594553     
   1.39899047855170     
   1.42353417115788     
   1.44807786376405     
   1.47262155637022     
   1.49716524897639     
   1.52170894158256     
   1.54625263418873     
   1.57079632679490     
   1.59534001940107     
   1.61988371200724     
   1.64442740461341     
   1.66897109721958     
   1.69351478982575     
   1.71805848243192     
   1.74260217503809     
   1.76714586764426     
   1.79168956025043     
   1.81623325285660     
   1.84077694546277     
   1.86532063806894     
   1.88986433067511     
   1.91440802328128     
   1.93895171588745     
   1.96349540849362     
   1.98803910109979     
   2.01258279370596     
   2.03712648631213     
   2.06167017891830     
   2.08621387152447     
   2.11075756413064     
   2.13530125673681     
   2.15984494934298     
   2.18438864194915     
   2.20893233455532     
   2.23347602716149     
   2.25801971976766     
   2.28256341237383     
   2.30710710498000     
   2.33165079758617     
   2.35619449019234     
   2.38073818279852     
   2.40528187540469     
   2.42982556801086     
   2.45436926061703     
   2.47891295322320     
   2.50345664582937     
   2.52800033843554     
   2.55254403104171     
   2.57708772364788     
   2.60163141625405     
   2.62617510886022     
   2.65071880146639     
   2.67526249407256     
   2.69980618667873     
   2.72434987928490     
   2.74889357189107     
   2.77343726449724     
   2.79798095710341     
   2.82252464970958     
   2.84706834231575     
   2.87161203492192     
   2.89615572752809     
   2.92069942013426     
   2.94524311274043     
   2.96978680534660     
   2.99433049795277     
   3.01887419055894     
   3.04341788316511     
   3.06796157577128     
   3.09250526837745     
   3.11704896098362     
